10215	
10328	
10460	
11296	
11374	
11986	
11960	
12228	
12172	
13136	
13168	
13271	
13531	
13181	
13975	
14003	
14327	
14547	
14884	
15152	
15513	
15934	
15887	
15789	
15964	
16200	
16376	
17058	
17043	
16900	
17206	
17180	
17430	
17548	
17673	
17656	
17725	
17723	
17925	
18506	
18608	
18542	
18887	
19116	
19205	
19430	
19587	
19907	
20719	
21126	
21410	
21483	
21463	
21665	
21952	
22057	
23053	
23014	
23071	
23193	
23517	
23929	
24001	
24199	
24187	
24385	
24327	
24378	
25161	
25159	
25196	
25854	
25898	
26226	
26507	
26347	
26876	
27676	
27898	
27996	
28058	
28161	
28236	
28275	
28645	
28320	
28879	
28968	
29066	
29149	
28950	
29570	
30466	
30515	
30543	
30506	
165982	
428087	
729815
9105
9218
9350
10186
10264
10850
10876
11118
11062
12026
12058
12071
12161
12421
12893
12865
13217
13437
13774
14042
14403
14679
14824
14777
14854
15090
15266
15790
15948
15933
16070
16096
16320
16438
16613
16615
16563
16546
16815
17396
17498
17432
17777
18006
18095
18320
18477
18797
19609
20016
20300
20373
20353
20555
20842
20947
21904
21943
21961
22083
22407
22891
22819
23089
23077
23217
23275
23268
24051
24049
24086
24744
24788
25116
25237
25397
25766
26566
26788
26948
26886
27051
27126
27165
27210
27535
27769
27858
27840
27956
28039
28460
29405
29433
29356
29531
29667
29396
29924
30017
30168
30264
30894
30714
31293
31391
89618
89820
89879
89943
89754
90110
90273
90494
90597
90643
91765
91902
91716
92032
92195
92483
92812
93940
94189
94727
94847
95075
95085
95511
95500
95458
95615
95950
96167
96301
96000
96275
97011
97139
97650
98148
98352
98280
98692
107127	